$ 1 0.000005 63.79968419005069 58 5 43 5e-11
t 112 240 160 240 2 1 -3.372902050614059 0.6432830219629924 800 default
c 48 240 -16 240 0 0.00009999999999999999 1.7697127809009296 0.001
r 80 240 80 336 0 3900
r 80 240 80 160 0 22000
w 48 240 80 240 0
w 80 240 112 240 0
w 80 160 160 160 0
r 160 160 160 224 0 1000
r 160 256 160 336 0 180
w 160 256 208 256 0
c 208 256 208 336 0 0.00001 1.1404297589379373 0.001
w 80 336 160 336 0
w 160 336 208 336 0
g 160 336 160 352 0 0
R 160 160 160 96 0 0 40 12 0 0 0.5
w 160 224 272 224 0
r 272 224 272 336 0 10000
w 272 336 208 336 0
R -48 240 -128 240 0 2 100 0.014000000000000002 0 0 0.5
w -48 240 -16 240 0
o 19 64 0 4098 0.078125 0.00625 0 2 19 3
o 15 64 0 4098 20 0.00009765625 1 2 15 3
38 18 F1 0 0 0.05 -1 Max\sVoltage
