$ 1 0.000005 10.20027730826997 50 5 50 5e-11
r 368 224 480 224 0 1000
r 560 224 672 224 0 1000
c 368 304 480 304 0 0.00001 0 0.001
c 560 304 672 304 0 0.00001 0 0.001
w 672 224 672 272 0
w 672 272 672 304 0
w 368 224 368 272 0
w 368 272 368 304 0
w 480 304 560 304 0
w 480 224 560 224 0
w 480 224 480 368 0
c 480 368 480 448 0 0.00001 0 0.001
w 560 304 560 368 0
r 560 368 560 448 0 1000
w 480 448 512 448 0
w 512 448 560 448 0
g 512 448 512 480 0 0
a 432 672 592 672 8 15 -15 1000000 0 0 100000
r 432 688 432 768 0 1000
g 432 768 432 784 0 0
r 432 656 352 656 0 1000
w 432 656 432 608 0
w 432 608 480 608 0
r 480 608 560 608 0 1000
w 560 608 592 608 0
w 592 608 592 672 0
w 592 672 624 672 0
